8
64
5.000000e-01
1000.000000
-58.130711
97.092943
3.475045e+01
1.094470e+01
2.559402e+01
-29.782370
-32.102916
-21.332881
1.903998e+01
-1.158685e+02
-4.823987e+01
90.508762
28.797565
28.892105
3.511857e+01
-2.246722e+01
9.937977e+01
-3.919096
-21.144829
-67.837965
5.057752e+01
-1.593331e+01
-7.878917e+01
5.632035
-39.441836
59.791394
-1.766332e+01
-4.685239e+01
4.286257e+01
37.125579
75.948771
25.231195
-1.101575e+01
-2.151968e+01
4.344842e+00
-93.107976
-71.405481
66.193870
-6.239897e+01
3.334749e+01
-1.723747e+01
20.147103
37.896155
25.473237
-4.190572e+01
4.958288e+00
-4.860417e+01
-66.096925
8.620036
10.769598
4.937516e+01
3.380253e+01
-1.926588e+01
-40.215258
42.192545
15.953337
-1.969902e+01
-4.356871e+01
-1.715119e+00
63.144723
-14.374306
-35.959686
5.400697e+01
-9.917339e+00
-3.082106e+01
-6.053353
19.610702
-50.593277
-5.509945e+01
1.591586e+01
2.365579e+01
-16.875684
54.971783
49.639447
-1.981724e+00
3.326196e+01
-1.449547e+01
-56.056758
-3.469356
-46.506364
-3.711311e+01
-7.727468e+00
3.469350e+01
-12.361317
7.020786
27.384534
6.106457e+00
2.985980e+01
-4.932991e-01
0.652654
11.435132
-15.869558
1.687650e+01
-1.027376e+01
-3.889015e+01
-16.752278
-31.179594
-58.382641
3.295139e+01
6.757173e+01
2.645231e+01
66.092413
-2.270336
-16.547725
-1.153868e+01
-3.281423e+01
-1.245917e+01
22.633768
-27.492355
3.548878
2.910163e+01
1.288414e+01
3.883911e+01
38.742031
-23.084034
-51.853444
-2.533962e+01
-2.168214e-01
4.582807e+00
-3.254275
41.832319
20.781253
-5.158702e+01
4.185309e+00
4.077079e+01
-48.777081
-10.872439
47.048096
