8
64
5.000000e-01
1000.000000
13.865626
-72.063868
5.984122e+00
-1.417136e+01
6.261419e+01
-48.081596
-23.721082
33.893885
1.069623e+01
-4.747666e-01
-1.594950e+01
-4.872803
51.014806
-21.606939
7.289901e+00
1.660774e+01
-7.294426e+01
45.564140
-9.541052
-4.742856
1.677942e+01
-4.759048e+01
4.865659e+00
11.808301
-39.856611
1.402729
1.155698e+01
2.746889e+01
-5.648324e+00
23.466271
9.531807
5.085420
-1.245382e+01
-2.728860e+01
-1.587094e+01
2.384374
-1.848318
15.796048
-4.553192e+00
-1.050690e+01
1.375994e+01
46.988423
-36.180366
25.801836
-1.286715e+01
-6.094184e+00
8.950138e-02
-22.726424
41.850531
-5.072511
3.704023e+00
-3.115512e+01
-1.850731e+01
50.155184
40.144507
-46.379736
3.322757e+01
-3.066441e+01
2.642383e+01
9.535694
-61.665557
61.650312
-2.450544e+01
1.859760e+01
-7.149517e+01
37.943897
114.035213
49.254575
-2.076679e+01
-7.370114e+01
-4.138724e+01
-58.977123
-38.702219
20.550848
7.724410e+01
8.623085e+01
4.923406e+01
-61.297696
-58.721035
-61.046830
1.633161e+01
5.897879e+01
1.339366e+01
24.133543
4.632425
-11.603828
2.776395e+01
-3.608768e+01
-2.764474e+01
-24.490844
-52.784351
-50.357601
5.250465e+00
4.266408e+01
6.490210e+01
77.039852
54.164793
4.710887
-2.374450e+01
-8.899399e+01
-1.017267e+02
-64.289764
21.798703
96.033759
9.321078e+01
1.967791e+01
-4.976900e+01
-42.477344
-66.248611
36.411043
5.709159e+01
6.520789e+01
-1.934383e+00
-80.275868
-79.403613
5.741574
6.568767e+01
5.028943e+01
-3.024306e+01
-22.913923
-0.019373
-19.653509
3.519886e+01
1.755026e+01
3.338685e+01
49.694674
-69.759630
-44.923179
