8
64
5.000000e-01
1.000000
-0.484814
1.535970
3.035871e-01
-8.195437e-01
1.248431e+00
-2.122197
0.335728
0.569004
1.307331e-01
1.446094e-01
8.277495e-01
-0.486628
0.252277
0.241954
-1.262945e+00
2.154281e+00
2.023313e+00
1.310641
-1.070778
-2.286507
-1.801940e+00
1.029759e+00
2.951780e-01
-0.532765
-1.146439
-0.915634
-3.575145e-01
2.428548e+00
1.434410e+00
1.875118
-0.710534
-2.535597
-1.416066e-01
-9.893340e-01
1.119265e-01
-0.641231
1.546705
-0.136029
-2.900941e+00
1.093984e-02
2.747777e+00
1.265397
-0.370134
-0.917307
-8.789433e-02
-1.548783e+00
3.120641e-01
1.174899
-0.463739
-0.173081
4.323987e-01
2.779430e-01
6.888277e-01
-0.618512
1.492061
-0.964752
-5.301862e-01
1.833936e-01
-1.540224e+00
-0.198028
1.476638
-1.226760
7.378319e-01
-6.177175e-01
1.496168e+00
-0.714812
2.300786
-0.974272
1.487948e+00
-5.204565e-01
-9.958514e-01
1.121022
-1.716769
1.107547
5.631263e-01
1.418117e-01
1.019866e+00
-1.003471
-0.476679
-2.187733
1.673682e+00
-2.438595e+00
9.682746e-01
-0.517642
-1.088212
1.008682
-2.392748e-01
1.027027e+00
1.507621e+00
1.374257
-0.419507
0.761687
-1.736442e+00
1.829382e-01
-3.113411e-01
1.615490
-0.146872
2.666115
-4.193838e-01
2.249889e+00
-2.218267e-02
1.371317
-1.531256
-1.431403
-2.366823e+00
-2.344600e+00
-2.256115e+00
-0.784353
-1.075684
-0.283175
7.307071e-01
-7.592979e-01
9.077049e-01
-0.030425
1.307051
-0.148528
1.560015e+00
-1.388141e-01
1.330623e+00
0.645385
-0.818854
0.879790
-1.989405e+00
-7.968808e-01
2.161737e-01
-1.253157
1.546927
-0.831364
