0.010099
-0.001472
0.003312
-0.012154
0.001166
0.012154
-0.003822
0.002619
-0.018008
0.008474
0.016554
-0.009110
-0.000994
-0.023851
0.025009
0.015458
-0.015613
-0.005905
-0.043355
0.082260
-0.012263
-0.025420
-0.023184
-0.062570
0.212207
-0.062570
-0.115922
-0.242335
0.429197
0.784213
-2.340618
1.505678
1.756174
-3.941917
2.893162
-0.634442
-0.163939
-0.242335
0.303488
0.077341
-0.171679
0.023900
-0.023184
0.066550
0.015158
-0.066550
0.016560
-0.005905
0.040876
-0.019108
-0.020233
0.009110
-0.000994
0.023851
-0.020462
-0.006856
0.006879
0.002619
0.010005
-0.015023
-0.000943
0.004642
0.003312
0.003853
-0.012483
-0.000000
0.000000
0.000000
-0.000000
0.000000
-0.000000
0.000000
0.000000
-0.000000
0.000000
-0.000000
0.000000
0.000000
-0.000000
0.000000
