0.002762
-0.000000
-0.006881
-0.024308
0.001166
-0.000000
-0.015583
0.005237
-0.031092
0.000000
0.028581
-0.018221
-0.004051
-0.000000
0.025009
0.030917
0.032439
0.000000
-0.011856
0.164520
-0.003353
0.000000
0.048170
-0.125140
0.212207
0.000000
-0.472694
-0.484670
0.741027
0.000000
-4.041176
3.011356
7.161122
0.000000
2.893162
-1.268884
0.340613
0.000000
0.082991
0.154682
-0.046947
-0.000000
0.048170
0.133100
0.015158
0.000000
0.067528
-0.011809
0.070574
0.000000
-0.034932
0.018221
-0.004051
-0.000000
-0.020462
-0.013711
-0.014291
0.000000
0.002736
-0.030046
-0.000258
-0.000000
-0.006881
0.007707
-0.012483
0.000000
0.000000
0.000000
-0.000000
0.000000
-0.000000
0.000000
0.000000
0.000000
0.000000
-0.000000
0.000000
0.000000
0.000000
0.000000
-0.007337
0.001472
-0.010193
-0.012154
-0.000000
-0.012154
-0.011762
0.002619
-0.013084
-0.008474
0.012027
-0.009110
-0.003058
0.023851
-0.000000
0.015458
0.048052
0.005905
0.031500
0.082260
0.008909
0.025420
0.071354
-0.062570
0.000000
0.062570
-0.356772
-0.242335
0.311830
-0.784213
-1.700558
1.505678
5.404948
3.941917
-0.000000
-0.634442
0.504551
0.242335
-0.220497
0.077341
0.124732
-0.023900
0.071354
0.066550
-0.000000
0.066550
0.050967
-0.005905
0.029698
0.019108
-0.014700
0.009110
-0.003058
-0.023851
-0.000000
-0.006856
-0.021170
-0.002619
-0.007269
-0.015023
0.000685
-0.004642
-0.010193
0.003853
0.000000
0.000000
0.000000
0.000000
-0.000000
-0.000000
-0.000000
0.000000
0.000000
0.000000
0.000000
-0.000000
-0.000000
-0.000000
0.000000
0.000000
0.000000
-0.868365
-0.307641
0.279544
0.861017
1.367438
-0.765086
-0.329640
0.243301
0.825342
1.389186
1.738712
-0.308809
0.188983
0.752817
1.323589
1.897063
2.504847
0.002288
-2.514679
1.257511
-1.257014
2.513213
0.000407
-2.513895
1.257309
-1.257181
2.513512
0.000229
-2.514075
1.258042
-1.258678
2.516274
-0.011510
-2.614421
1.015878
-1.653018
1.928524
-0.783727
2.755878
0.000000
-2.755878
0.783727
-1.928524
1.653018
-1.015878
2.614421
0.011510
-2.516274
1.258678
-1.258042
2.514075
-0.000229
-2.513512
1.257181
-1.257309
2.513895
-0.000407
-2.513213
1.257014
-1.257511
2.514679
-0.002288
-2.504847
-1.897063
-1.323589
-0.752817
-0.188983
0.308809
-1.738712
-1.389186
-0.825342
-0.243301
0.329640
0.765086
-1.367438
-0.861017
-0.279544
0.307641
0.868365
