3
30
11
-2.469522
1.256111
-1.482675e+000
-6.926167e-002
2.608310e+000
0.192223
-0.802888
-4.862120e-001
-9.876417e-001
1.225695e-001
-0.550743
0.372897
-1.889150e+000
-1.032189e+000
1.230137e+000
-0.403288
-2.050716
2.177896e-001
-6.674398e-002
-1.910053e-002
-0.886477
1.943751
-2.440181e+000
2.859181e-001
2.226499e+000
0.070275
1.043035
2.370659e+000
-4.576992e-001
2.154315e+000
-3.317452
3.161904
-2.336042e+000
-2.027789e+000
4.233988e+000
-0.727977
-1.838011
1.774643e+000
-2.499263e+000
1.157176e+000
0.353948
-0.233772
-2.759989e-001
2.974202e-001
9.847293e-001
-0.434642
-0.361775
2.344971e-001
-2.835759e+000
1.594270e+000
0.166420
0.375941
2.175639e-001
2.020587e-001
5.537175e-001
-1.638790
1.291885
1.504664e+000
-1.069637e+000
1.492083e+000
-2.882583
5.265815
-2.827568e+000
-1.955464e+000
3.689775e+000
-2.743976
-0.324505
2.566475e+000
-1.116391e+000
-3.071849e-001
-2.873681
1.808161
6.058118e-001
-6.375933e-001
2.915228e+000
-1.127721
0.772816
1.403570e+000
-4.054481e+000
4.519354e-001
-1.863428
3.106855
-1.975939e+000
2.348183e-001
4.533698e-001
-2.538434
0.261056
1.817777e+000
-1.332652e+000
3.208139e+000
-3.225970
4.931511
-2.072261e+000
-1.283299e+000
4.708979e+000
-1.212007
-2.339925
3.602344e+000
-8.756975e-001
2.146967e+000
-4.722081
2.704206
-2.569722e+000
-2.322070e+000
4.088246e+000
-2.284727
-0.046327
1.803361e+000
-3.372888e+000
3.552472e+000
-0.319470
1.048098
-2.537753e+000
-5.088509e-001
2.080955e+000
-2.491681
0.857104
2.676999e+000
-4.200761e+000
2.184247e+000
-4.148807
5.827097
-5.200259e+000
-2.085267e+000
7.094374e+000
-5.434672
-0.311617
6.298851e+000
-6.027454e-001
4.908463e+000
-5.194663
4.558868
-4.217897e+000
-1.074844e+000
3.566491e+000
-1.759632
-2.017132
3.513635e+000
-5.230713e+000
4.914327e+000
-1.002168
3.911119
-4.568620e+000
-3.115468e-001
2.124844e+000
-5.486386
-0.528006
3.809012e+000
-4.024740e+000
2.672633e+000
-7.393460
8.534377
-6.786857e+000
-2.503162e+000
1.118783e+001
-7.031802
-2.115221
5.866418e+000
-4.929666e+000
3.958044e+000
-6.768638
4.738982
-3.727445e+000
-1.601395e+000
3.930670e+000
-4.203244
-1.140552
6.931013e+000
-7.177423e+000
6.120760e+000
-2.526422
6.881955
-4.065843e+000
1.005230e+000
4.476451e+000
-6.663757
0.169992
4.960243e+000
-4.465642e+000
4.338563e+000
-8.956857
13.935344
-1.257798e+001
-2.308688e+000
1.406882e+001
-9.229208
-2.049135
7.928516e+000
-5.353684e+000
6.976975e+000
-7.679704
6.536309
-3.794884e+000
-3.967773e+000
7.006823e+000
-2.601563
-3.090775
7.806372e+000
-9.064833e+000
9.410255e+000
-3.729505
5.594503
-8.445544e+000
1.918399e+000
5.051662e+000
-8.632391
0.767606
5.478891e+000
-7.773097e+000
6.775144e+000
-14.393927
19.565338
-1.414681e+001
-5.327746e+000
2.076543e+001
-15.881319
-3.903528
1.255423e+001
-7.306376e+000
8.488429e+000
-13.187927
10.665496
-7.977721e+000
-2.303109e+000
9.153797e+000
-5.643989
-3.256459
9.570100e+000
-1.269653e+001
1.176295e+001
-6.245100
9.148505
-1.304668e+001
3.839956e+000
8.950089e+000
-9.281088
2.625946
1.074287e+001
-1.306815e+001
9.833321e+000
-17.280880
28.043321
-2.126640e+001
-7.693862e+000
2.900307e+001
-21.418327
-7.762571
1.818407e+001
-8.585302e+000
1.471246e+001
-16.770985
12.684466
-8.854472e+000
-4.188292e+000
1.441080e+001
-9.007200
-3.733216
1.444793e+001
-1.993128e+001
1.879711e+001
-9.946462
10.684602
-1.589604e+001
3.614578e+000
1.180026e+001
-16.757059
3.118480
1.391179e+001
-1.858908e+001
1.426851e+001
-26.219486
38.843842
-2.895507e+001
-9.548918e+000
3.970830e+001
-30.021255
-7.684835
2.482143e+001
-1.200144e+001
1.842573e+001
-24.353323
20.068921
-1.282699e+001
-5.896309e+000
1.936617e+001
-13.748701
-7.661671
1.803299e+001
-2.606572e+001
2.654845e+001
-11.169030
18.418628
-2.417448e+001
5.543118e+000
1.890534e+001
-23.406435
4.161175
1.952814e+001
-2.638417e+001
1.774559e+001
-37.627719
56.487365
-4.372940e+001
-1.475284e+001
5.725089e+001
-41.456662
-13.905576
3.500734e+001
-1.900143e+001
2.808628e+001
-34.390956
28.206829
-1.677662e+001
-1.084929e+001
2.763116e+001
-16.834427
-7.974118
2.637020e+001
-3.896615e+001
3.646253e+001
-19.354145
27.526287
-3.527897e+001
7.596964e+000
2.671988e+001
-33.710721
7.913572
2.672274e+001
-3.357670e+001
2.620368e+001
0.666456
-0.973917
5.786353e-001
3.952813e-001
-9.739166e-001
0.578635
0.395281
-4.480960e-001
3.074606e-001
-6.563599e-001
0.620074
-0.489535
1.406354e-001
3.488993e-001
-4.895348e-001
0.140635
0.348899
-4.895348e-001
6.664560e-001
-4.480960e-001
0.307461
-0.656360
6.200741e-001
3.628584e-002
-6.563599e-001
0.620074
0.036286
-6.563599e-001
6.200741e-001
-4.895348e-001
0.941394
-1.375694
8.173441e-001
5.583497e-001
-1.375694e+000
0.817344
0.558350
-6.329524e-001
4.342996e-001
-9.271330e-001
0.875878
-0.691486
1.986528e-001
4.928334e-001
-6.914862e-001
0.198653
0.492833
-6.914862e-001
9.413942e-001
-6.329524e-001
0.434300
-0.927133
8.758779e-001
5.125511e-002
-9.271330e-001
0.875878
0.051255
-9.271330e-001
8.758779e-001
-6.914862e-001
1.329755
-1.943219
1.154529e+000
7.886899e-001
-1.943219e+000
1.154529
0.788690
-8.940691e-001
6.134645e-001
-1.309610e+000
1.237210
-0.976750
2.806046e-001
6.961457e-001
-9.767503e-001
0.280605
0.696146
-9.767503e-001
1.329755e+000
-8.940691e-001
0.613464
-1.309610
1.237210e+000
7.239976e-002
-1.309610e+000
1.237210
0.072400
-1.309610e+000
1.237210e+000
-9.767503e-001
1.878328
-2.744870
1.630816e+000
1.114054e+000
-2.744870e+000
1.630816
1.114054
-1.262906e+000
8.665416e-001
-1.849874e+000
1.747606
-1.379696
3.963645e-001
9.833319e-001
-1.379696e+000
0.396365
0.983332
-1.379696e+000
1.878328e+000
-1.262906e+000
0.866542
-1.849874
1.747606e+000
1.022674e-001
-1.849874e+000
1.747606
0.102267
-1.849874e+000
1.747606e+000
-1.379696e+000
2.653209
-3.877232
2.303589e+000
1.573643e+000
-3.877232e+000
2.303589
1.573643
-1.783902e+000
1.224023e+000
-2.613016e+000
2.468559
-1.948873
5.598797e-001
1.388993e+000
-1.948873e+000
0.559880
1.388993
-1.948873e+000
2.653209e+000
-1.783902e+000
1.224023
-2.613016
2.468559e+000
1.444565e-001
-2.613016e+000
2.468559
0.144457
-2.613016e+000
2.468559e+000
-1.948873e+000
3.747758
-5.476736
3.253905e+000
2.222830e+000
-5.476736e+000
3.253905
2.222830
-2.519829e+000
1.728978e+000
-3.690983e+000
3.486933
-2.752856
7.908512e-001
1.962005e+000
-2.752856e+000
0.790851
1.962005
-2.752856e+000
3.747758e+000
-2.519829e+000
1.728978
-3.690983
3.486933e+000
2.040503e-001
-3.690983e+000
3.486933
0.204050
-3.690983e+000
3.486933e+000
-2.752856e+000
5.293848
-7.736095
4.596264e+000
3.139831e+000
-7.736095e+000
4.596264
3.139831
-3.559353e+000
2.442246e+000
-5.213652e+000
4.925423
-3.888513
1.117107e+000
2.771406e+000
-3.888513e+000
1.117107
2.771406
-3.888513e+000
5.293848e+000
-3.559353e+000
2.442246
-5.213652
4.925423e+000
2.882286e-001
-5.213652e+000
4.925423
0.288229
-5.213652e+000
4.925423e+000
-3.888513e+000
7.477760
-10.927524
6.492395e+000
4.435129e+000
-1.092752e+001
6.492395
4.435129
-5.027720e+000
3.449764e+000
-7.364479e+000
6.957345
-5.492670
1.577956e+000
3.914715e+000
-5.492670e+000
1.577956
3.914715
-5.492670e+000
7.477760e+000
-5.027720e+000
3.449764
-7.364479
6.957345e+000
4.071338e-001
-7.364479e+000
6.957345
0.407134
-7.364479e+000
6.957345e+000
-5.492670e+000
10.562616
-15.435538
9.170752e+000
6.264786e+000
-1.543554e+001
9.170752
6.264786
-7.101843e+000
4.872922e+000
-1.040260e+001
9.827512
-7.758603
2.228921e+000
5.529682e+000
-7.758603e+000
2.228921
5.529682
-7.758603e+000
1.056262e+001
-7.101843e+000
4.872922
-10.402603
9.827512e+000
5.750918e-001
-1.040260e+001
9.827512
0.575092
-1.040260e+001
9.827512e+000
-7.758603e+000
14.920092
-21.803277
1.295403e+001
8.849246e+000
-2.180328e+001
12.954031
8.849246
-1.003162e+001
6.883185e+000
-1.469407e+001
13.881729
-10.959318
3.148435e+000
7.810883e+000
-1.095932e+001
3.148435
7.810883
-1.095932e+001
1.492009e+001
-1.003162e+001
6.883185
-14.694068
1.388173e+001
8.123387e-001
-1.469407e+001
13.881729
0.812339
-1.469407e+001
1.388173e+001
-1.095932e+001
21.075190
-30.797947
1.829806e+001
1.249989e+001
-3.079795e+001
18.298055
12.499892
-1.417004e+001
9.722757e+000
-2.075592e+001
19.608463
-15.480448
4.447283e+000
1.103317e+001
-1.548045e+001
4.447283
11.033165
-1.548045e+001
2.107519e+001
-1.417004e+001
9.722757
-20.755922
1.960846e+001
1.147459e+000
-2.075592e+001
19.608463
1.147459
-2.075592e+001
1.960846e+001
-1.548045e+001
